image_width: 1920
image_height: 1200
camera_name: camera
camera_matrix:
  rows: 3
  cols: 3
  data: [4538.201840024964, 0, 986.904226247642, 0, 4529.762336333022, 554.4210032299561, 0, 0, 1]
distortion_model: plumb_bob
distortion_coefficients:
  rows: 1
  cols: 5
  data: [-0.08055959721122136, -0.6458190734631016, -0.00097722013279491, 0.002145240477541625, 0]
rectification_matrix:
  rows: 3
  cols: 3
  data: [0.9998672274470533, 0.01338103389827158, -0.009299215512920726, -0.01336947370943137, 0.9999097740563423, 0.001304192979367973, 0.009315827932892606, -0.001179694201018232, 0.9999559108638324]
projection_matrix:
  rows: 3
  cols: 4
  data: [4889.954865547452, 0, 1013.957382202148, 0, 0, 4889.954865547452, 583.6269760131836, 0, 0, 0, 1, 0]