image_width: 1920
image_height: 1200
camera_name: acA1920_40um
camera_matrix:
  rows: 3
  cols: 3
  data: [4538.201840, 0.000000, 986.904226, 0.000000, 4529.762336, 554.421003, 0.000000, 0.000000, 1.000000]
distortion_model: plumb_bob
distortion_coefficients:
  rows: 1
  cols: 5
  data: [-0.080560, -0.645819, -0.000977, 0.002145, 0.000000]
rectification_matrix:
  rows: 3
  cols: 3
  data: [0.999867, 0.013381, -0.009299, -0.013369, 0.999910, 0.001304, 0.009316, -0.001180, 0.999956]
projection_matrix:
  rows: 3
  cols: 4
  data: [4889.954866, 0.000000, 1013.957382, 0.000000, 0.000000, 4889.954866, 583.626976, 0.000000, 0.000000, 0.000000, 1.000000, 0.000000]
