image_width: 1920
image_height: 1200
camera_name: camera
camera_matrix:
  rows: 3
  cols: 3
  data: [4520.503177708439, 0, 1095.862577489182, 0, 4519.603797177907, 612.5480518337703, 0, 0, 1]
distortion_model: plumb_bob
distortion_coefficients:
  rows: 1
  cols: 5
  data: [-0.1594951725627081, 0.2807215118175879, 0.003921644437306975, 0.00275598725730255, 0]
rectification_matrix:
  rows: 3
  cols: 3
  data: [0.9997492793979138, 0.004171800977395775, 0.02199941862770742, -0.004144473102765874, 0.9999905825975218, -0.001287656386383502, -0.02200458329649918, 0.001196157545620013, 0.9997571542735132]
projection_matrix:
  rows: 3
  cols: 4
  data: [4889.954865547452, 0, 1013.957382202148, 4595.762790846864, 0, 4889.954865547452, 583.6269760131836, 0, 0, 0, 1, 0]