image_width: 1920
image_height: 1200
camera_name: acA1920_155um
camera_matrix:
  rows: 3
  cols: 3
  data: [4520.503178, 0.000000, 1095.862577, 0.000000, 4519.603797, 612.548052, 0.000000, 0.000000, 1.000000]
distortion_model: plumb_bob
distortion_coefficients:
  rows: 1
  cols: 5
  data: [-0.159495, 0.280722, 0.003922, 0.002756, 0.000000]
rectification_matrix:
  rows: 3
  cols: 3
  data: [0.999749, 0.004172, 0.021999, -0.004144, 0.999991, -0.001288, -0.022005, 0.001196, 0.999757]
projection_matrix:
  rows: 3
  cols: 4
  data: [4889.954866, 0.000000, 1013.957382, 4595.762791, 0.000000, 4889.954866, 583.626976, 0.000000, 0.000000, 0.000000, 1.000000, 0.000000]
